$MeshFormat
4.1 0 8
$EndMeshFormat
$PhysicalNames
4
0 2 "bc_outer"
1 5 "bc_outer"
2 2 "mat_2"
2 6 "mat_1"
$EndPhysicalNames
$Entities
7 7 2 0
1 -1 -1 0 0 
2 1 -1 0 0 
3 1 1 0 0 
4 -1 1 0 0 
5 -0.5 -0.5 0 1 2 
6 0.5 -0.5 0 1 2 
7 -0.5 0.5 0 1 2 
1 -1.0000001 -1.0000001 -1e-07 1.0000001 -0.9999999000000001 1e-07 1 5 2 1 -2 
2 0.9999999000000001 -1.0000001 -1e-07 1.0000001 1.0000001 1e-07 1 5 2 2 -3 
3 -1.0000001 0.9999999000000001 -1e-07 1.0000001 1.0000001 1e-07 1 5 2 3 -4 
4 -1.0000001 -1.0000001 -1e-07 -0.9999999000000001 1.0000001 1e-07 1 5 2 4 -1 
5 -0.5000000999999999 -0.5000000999999999 -1e-07 0.5000000999999999 -0.4999999 1e-07 0 2 5 -6 
6 -0.5000000999999999 -0.5000000999999999 -1e-07 0.5000000999999999 0.5000000999999999 1e-07 0 2 6 -7 
7 -0.5000000999999999 -0.5000000999999999 -1e-07 -0.4999999 0.5000000999999999 1e-07 0 2 7 -5 
1 -1.0000001 -1.0000001 -1e-07 1.0000001 1.0000001 1e-07 1 6 7 1 2 3 4 5 6 7 
2 -0.5000000999999999 -0.5000000999999999 -1e-07 0.5000000999999999 0.5000000999999999 1e-07 1 2 3 5 6 7 
$EndEntities
$Nodes
16 347 1 347
0 1 0 1
1
-1 -1 0
0 2 0 1
2
1 -1 0
0 3 0 1
3
1 1 0
0 4 0 1
4
-1 1 0
0 5 0 1
5
-0.5 -0.5 0
0 6 0 1
6
0.5 -0.5 0
0 7 0 1
7
-0.5 0.5 0
1 1 0 23
8
9
10
11
12
13
14
15
16
17
18
19
20
21
22
23
24
25
26
27
28
29
30
-0.9166666666666669 -1 0
-0.8333333333333336 -1 0
-0.7500000000000004 -1 0
-0.6666666666666673 -1 0
-0.5833333333333339 -1 0
-0.5000000000000006 -1 0
-0.4166666666666672 -1 0
-0.3333333333333338 -1 0
-0.2500000000000004 -1 0
-0.1666666666666671 -1 0
-0.0833333333333337 -1 0
-3.33066907387547e-16 -1 0
0.08333333333333304 -1 0
0.1666666666666665 -1 0
0.25 -1 0
0.3333333333333333 -1 0
0.4166666666666665 -1 0
0.4999999999999998 -1 0
0.583333333333333 -1 0
0.6666666666666663 -1 0
0.7499999999999998 -1 0
0.8333333333333333 -1 0
0.9166666666666665 -1 0
1 2 0 23
31
32
33
34
35
36
37
38
39
40
41
42
43
44
45
46
47
48
49
50
51
52
53
1 -0.9166666666666669 0
1 -0.8333333333333336 0
1 -0.7500000000000004 0
1 -0.6666666666666673 0
1 -0.5833333333333339 0
1 -0.5000000000000006 0
1 -0.4166666666666672 0
1 -0.3333333333333338 0
1 -0.2500000000000004 0
1 -0.1666666666666671 0
1 -0.0833333333333337 0
1 -3.33066907387547e-16 0
1 0.08333333333333304 0
1 0.1666666666666665 0
1 0.25 0
1 0.3333333333333333 0
1 0.4166666666666665 0
1 0.4999999999999998 0
1 0.583333333333333 0
1 0.6666666666666663 0
1 0.7499999999999998 0
1 0.8333333333333333 0
1 0.9166666666666665 0
1 3 0 23
54
55
56
57
58
59
60
61
62
63
64
65
66
67
68
69
70
71
72
73
74
75
76
0.9166666666666669 1 0
0.8333333333333336 1 0
0.7500000000000004 1 0
0.6666666666666673 1 0
0.5833333333333339 1 0
0.5000000000000006 1 0
0.4166666666666672 1 0
0.3333333333333338 1 0
0.2500000000000004 1 0
0.1666666666666671 1 0
0.0833333333333337 1 0
3.33066907387547e-16 1 0
-0.08333333333333304 1 0
-0.1666666666666665 1 0
-0.25 1 0
-0.3333333333333333 1 0
-0.4166666666666665 1 0
-0.4999999999999998 1 0
-0.583333333333333 1 0
-0.6666666666666663 1 0
-0.7499999999999998 1 0
-0.8333333333333333 1 0
-0.9166666666666665 1 0
1 4 0 23
77
78
79
80
81
82
83
84
85
86
87
88
89
90
91
92
93
94
95
96
97
98
99
-1 0.9166666666666669 0
-1 0.8333333333333336 0
-1 0.7500000000000004 0
-1 0.6666666666666673 0
-1 0.5833333333333339 0
-1 0.5000000000000006 0
-1 0.4166666666666672 0
-1 0.3333333333333338 0
-1 0.2500000000000004 0
-1 0.1666666666666671 0
-1 0.0833333333333337 0
-1 3.33066907387547e-16 0
-1 -0.08333333333333304 0
-1 -0.1666666666666665 0
-1 -0.25 0
-1 -0.3333333333333333 0
-1 -0.4166666666666665 0
-1 -0.4999999999999998 0
-1 -0.583333333333333 0
-1 -0.6666666666666663 0
-1 -0.7499999999999998 0
-1 -0.8333333333333333 0
-1 -0.9166666666666665 0
1 5 0 3
100
101
102
-0.2500000000000007 -0.5 0
-1.221245327087672e-15 -0.5 0
0.2499999999999993 -0.5 0
1 6 0 7
103
104
105
106
107
108
109
0.3750000000000001 -0.3750000000000001 0
0.2500000000000001 -0.2500000000000001 0
0.1250000000000002 -0.1250000000000002 0
3.885780586188048e-16 -3.885780586188048e-16 0
-0.1249999999999992 0.1249999999999992 0
-0.2499999999999989 0.2499999999999989 0
-0.3749999999999994 0.3749999999999994 0
1 7 0 3
110
111
112
-0.5 0.2500000000000007 0
-0.5 1.221245327087672e-15 0
-0.5 -0.2499999999999993 0
2 1 0 224
113
114
115
116
117
118
119
120
121
122
123
124
125
126
127
128
129
130
131
132
133
134
135
136
137
138
139
140
141
142
143
144
145
146
147
148
149
150
151
152
153
154
155
156
157
158
159
160
161
162
163
164
165
166
167
168
169
170
171
172
173
174
175
176
177
178
179
180
181
182
183
184
185
186
187
188
189
190
191
192
193
194
195
196
197
198
199
200
201
202
203
204
205
206
207
208
209
210
211
212
213
214
215
216
217
218
219
220
221
222
223
224
225
226
227
228
229
230
231
232
233
234
235
236
237
238
239
240
241
242
243
244
245
246
247
248
249
250
251
252
253
254
255
256
257
258
259
260
261
262
263
264
265
266
267
268
269
270
271
272
273
274
275
276
277
278
279
280
281
282
283
284
285
286
287
288
289
290
291
292
293
294
295
296
297
298
299
300
301
302
303
304
305
306
307
308
309
310
311
312
313
314
315
316
317
318
319
320
321
322
323
324
325
326
327
328
329
330
331
332
333
334
335
336
0.8751848881348644 -0.1644480355331189 0
0.824008812163412 -0.3072574019855365 0
0.6397949782766188 -0.1995139060751263 0
0.9039598443881014 0.8508756089497611 0
0.7747316494497 0.8360637172075571 0
0.7818600511738244 -0.5630817852358698 0
0.6648479406979414 0.8068193722736603 0
-0.8984362018515153 0.4966648932958243 0
-0.8120918814448131 0.2640929905896004 0
0.3107777614225842 0.7753905851955115 0
0.128104907390078 0.7923199420900421 0
0.3045550621975263 0.5453799107854498 0
0.3277341524169043 0.3676232668134568 0
0.04159952636001427 0.5040907588771872 0
0.2011489747601619 0.2251764556073808 0
-0.8098526985362302 -0.1033884576492422 0
-0.1418523483924814 0.727230555906195 0
0.001567191419056424 0.8381324376657867 0
0.4467496274979195 0.04070550585325072 0
0.6848793529768815 -0.8006412848291912 0
0.8841644057992252 -0.6934331983263626 0
0.854440077262858 -0.8237136699531316 0
-0.761802288942126 -0.456172723983173 0
0.7129226241323632 0.5701338553098577 0
0.8471201138326301 0.7442416502505329 0
0.8840317856398883 0.4432672278409616 0
0.6401261987875289 0.1158029515631664 0
-0.8285248012076586 0.7158963425447779 0
0.4770652903432153 0.331896875205166 0
0.4957183492820117 0.5589039390948561 0
0.6628126818634622 0.2959008379413738 0
-0.3430973372472215 -0.8025846918534191 0
-0.4976860805194483 -0.756049068350149 0
0.794425456322447 0.0003310400064535899 0
0.8362990727647199 0.2359668440652432 0
0.4475604187571406 -0.8203357168059632 0
0.4966805033436079 0.7831451778957841 0
-0.7621179948999015 -0.7556233507298592 0
-0.8730632581478497 -0.8716200038908322 0
-7.771561172376096e-16 -0.75 0
-0.08333333333333415 -0.75 0
0.08333333333333265 -0.75 0
-0.9049263492681151 -0.1350275621579544 0
-0.9049263492681151 -0.05169422882462094 0
-0.9049263492681151 -0.2183608954912877 0
-0.4999999999999999 0.75 0
-0.4166666666666666 0.75 0
-0.5833333333333331 0.75 0
0.9420158928199441 0.4716336139204807 0
0.9420158928199441 0.3883002805871474 0
0.9420158928199441 0.5549669472538139 0
0.390446876045237 -0.9101678584029815 0
0.4737802093785702 -0.9101678584029815 0
0.3071135427119036 -0.9101678584029815 0
-0.9492181009257576 0.4983324466479124 0
-0.9492181009257576 0.5816657799812458 0
-0.9492181009257576 0.4149991133145791 0
0.7197897950738207 0.8214415447406087 0
0.8040324913915168 0.9180318586037786 0
0.6657573036823043 0.9034096861368301 0
0.7348948975369105 0.9107207723703044 0
0.5698974891383094 -0.3497569530375632 0
0.6409300255869121 -0.5315408926179349 0
0.8029344316686182 -0.4351695936107032 0
0.7319018952200154 -0.2533856540303314 0
0.6864159604034636 -0.3924632733241331 0
0.1730772942787703 0.5247353348313185 0
0.1213742505600881 0.364633607242284 0
0.2644415635885331 0.2963998612104187 0
0.3161446073072153 0.4565015887994532 0
0.2187594289336517 0.4105675980208686 0
0.2194413344063311 0.7838552636427768 0
0.3220555473779591 0.8876952925977557 0
0.1473857870283725 0.896159971045021 0
0.2347206672031658 0.8919276318213883 0
0.8909300255869121 -0.5315408926179352 0
0.9120044060817061 -0.3202953676594351 0
0.9014672158343091 -0.4259181301386851 0
-0.8109722899905216 0.0803522664701791 0
-0.9060459407224066 0.2153798286281337 0
-0.9054861449952609 0.0818427999017564 0
-0.05012641101623355 0.6156606573916912 0
0.08485221687504613 0.6482053504836147 0
0.06483604940456721 0.8152261898779144 0
-0.07014257848671247 0.7826814967859909 0
0.007354819194166827 0.7154434236348028 0
0.8693022415310416 -0.7585734341397471 0
0.8330122284865248 -0.6282574917811162 0
0.7333697020753529 -0.6818615350325306 0
0.7696597151198697 -0.8121774773911614 0
0.8013359718031973 -0.7202174845861389 0
-0.880901144471063 -0.4780863619915864 0
-0.785827493739178 -0.2797805908162077 0
-0.8929137468695889 -0.3482236287414371 0
-0.630901144471063 -0.4780863619915865 0
-0.6549263492681151 -0.05169422882462049 0
-0.6429137468695889 -0.2648902954081035 0
0.8495968501491382 -0.2358527187593277 0
0.8348051722286557 -0.08205849776333264 0
0.7171102172995329 -0.09959143303433635 0
0.7833535337243356 -0.167722075896832 0
-0.1042002368199923 0.3770453794385931 0
0.1005744873800811 0.1125882278036902 0
-0.001812874719955566 0.2448168036211416 0
0.3483748137489598 -0.1046472470733747 0
0.5432723028872691 -0.07940420011093778 0
0.4591361514436346 -0.2272021000554689 0
0.717275827554988 0.05806699578481 0
0.5434379131427242 0.07825422870820857 0
0.6302740652211286 -0.01066860216306389 0
0.5699389861033388 0.3138988565732699 0
0.6878676529979126 0.4330173466256158 0
0.6043204867071874 0.5645188972023569 0
0.4863918198126135 0.4454004071500111 0
0.587129736405263 0.4392088768878134 0
0.8153622645435834 0.1181489420358484 0
0.7495558773140911 0.2659338410033085 0
0.6514694403254955 0.2058518947522701 0
0.7334158524345394 0.1620004183940592 0
-0.3209261741962407 0.6136152779530974 0
-0.2125632055081165 0.4953303286958453 0
0.4023997213800598 0.3497600710093114 0
0.400136705739769 0.5521419249401529 0
0.4012682135599144 0.4509509979747321 0
-0.9142624006038294 0.7746148379390557 0
-0.8309290672704959 0.8579481712723889 0
-0.9154645336352478 0.8873074189695279 0
0.9375924440674321 -0.165557351099893 0
0.9247984250745691 -0.2429263593796641 0
-0.4203917088833349 -0.779316880101784 0
-0.1715486686236114 -0.6512923459267095 0
-0.4988430402597241 -0.6280245341750745 0
-0.3351958544416678 -0.639658440050892 0
0.3076664118100553 0.6603852479904806 0
0.4961994263128098 0.6710245584953201 0
0.403729132383096 0.7792678815456477 0
0.4019329190614325 0.6657049032429003 0
0.6888852824151523 0.6884766137917591 0
0.5807642220207747 0.7949822750847222 0
0.5925423543639811 0.6797505861435396 0
-0.6642624006038294 0.6079481712723889 0
-0.7071312003019146 0.8039740856361944 0
0.6757730098217739 -0.9003206424145955 0
0.8438867052980956 -0.9118568349765658 0
0.7598298575599348 -0.9060887386955807 0
-0.6560459407224066 0.3820464952948002 0
-0.863480501529587 0.6062806179203011 0
-0.8552640416481643 0.3803789419427123 0
-0.7597632211259968 0.4941635566075506 0
0.8601654292023041 0.3396170359531024 0
0.7984772048861257 0.5067005415754097 0
0.7740165411001083 0.3863171912893592 0
-0.154259507529574 0.8636152779530974 0
-0.2854630870981203 0.8068076389765487 0
0.4737802093785703 -0.6601678584029815 0
0.2785567713559515 -0.7050839292014908 0
-0.7619601419210138 -0.6058980373565162 0
-0.6299020377096749 -0.7558362095400041 0
-0.630401591090369 -0.6169612857657953 0
0.5662198858670111 -0.8104885008175772 0
0.6035749557269616 -0.671014696717756 0
0.8972127281612234 0.0001655200032266284 0
0.9174025861143278 -0.08269591554833318 0
0.8109258816411651 0.790152683729045 0
0.7800213689824966 0.6571877527801953 0
0.7499055820281588 0.7393146487604019 0
0.4983402516718042 0.891572588947892 0
0.5820487776770543 0.8974911375423611 0
0.4101978995248816 0.8896339407728239 0
0.9519799221940507 0.8421044711415472 0
0.8755399791103657 0.797558629600147 0
0.923560056916315 0.7054541584585996 0
0.9377699895551829 0.7737793148000734 0
0.91814953638236 0.2013167553659548 0
0.9076811322717917 0.1007411376845907 0
0.930082714601152 0.2948085179765512 0
0.8686465888607176 0.9254378044748806 0
0.8397862352509413 0.8577952441019628 0
0.8610186309012203 0.6060773500170045 0
0.9343232944303588 0.9210522355707735 0
0.0007835957095283785 0.9190662188328933 0
0.07408469136895043 0.9076130949389571 0
-0.3382153352902777 -0.9012923459267095 0
-0.4988430402597244 -0.8780245341750745 0
-0.418529187775001 -0.889658440050892 0
0.3239493011290407 0.1329409807303157 0
0.2244746505645204 0.003970490365157758 0
-0.8810589974499508 -0.7111450086982627 0
-0.8809800709605069 -0.5946156853449245 0
-0.6554861449952607 0.1651761332350899 0
-0.7143923307832845 -0.8778116753649297 0
-0.6066176855215044 -0.877918104770002 0
0.1962593143425507 0.6542952992370477 0
-0.07673795591002278 0.8913407483929954 0
0.9420822028996125 -0.680049932496515 0
0.9165061142432624 -0.6057954125572251 0
0.5747766096001721 -0.9052442504087885 0
-0.9317402507647935 0.6781403089601508 0
-0.9276320208240821 0.3151894709713564 0
0.927220038631429 -0.8285235016432326 0
0.9346511207655208 -0.7542867170698737 0
-0.2107743343118059 -0.8256461729633547 0
0.9219433526490478 -0.9142617508216164 0
0.4619074589205674 0.1863011905292084 0
0.5566884496230313 0.1960765426407392 0
0.3631745112545502 0.2413505258698136 0
-0.9365316290739248 -0.8524766686120827 0
-0.8175906265238756 -0.8136216773103457 0
-0.9087953132619377 -0.7818108386551728 0
-0.8531982957405917 -0.9358100019454161 0
-0.783795313261938 -0.9068108386551729 0
-0.9265991478702958 -0.9262383343060412 0
-0.05555555555555621 -0.8333333333333333 0
0.05555555555555498 -0.8333333333333333 0
-0.9366175661787433 -0.09001837477196946 0
-0.9366175661787433 -0.2011294858830807 0
-0.4444444444444444 0.8333333333333333 0
-0.5555555555555554 0.8333333333333333 0
0.9613439285466294 0.4255335203914316 0
0.9613439285466294 0.5366446315025426 0
0.4269645840301579 -0.9401119056019878 0
0.3158534729190469 -0.9401119056019878 0
-0.9661454006171717 0.5544438533208307 0
-0.9661454006171717 0.4433327422097196 0
2 2 0 11
337
338
339
340
341
342
343
344
345
346
347
-0.2723452165599383 -0.09358348408043254 0
0.1249999999999995 -0.3750000000000001 0
-4.163336342344337e-16 -0.2500000000000002 0
-0.2611726082799686 0.07820825795978317 0
-0.3861726082799691 -0.04679174204021566 0
-0.3805863041399843 0.164104128979892 0
-0.1361726082799698 -0.2967917420402163 0
-0.1305863041399845 -0.08589587102010854 0
-0.3180863041399849 -0.2733958710201078 0
0.08333333333333309 -0.2500000000000001 0
0.2499999999999996 -0.4166666666666667 0
$EndNodes
$Elements
9 397 1 397
0 5 15 1
1 5 
0 6 15 1
2 6 
0 7 15 1
3 7 
1 1 1 24
4 1 8 
5 8 9 
6 9 10 
7 10 11 
8 11 12 
9 12 13 
10 13 14 
11 14 15 
12 15 16 
13 16 17 
14 17 18 
15 18 19 
16 19 20 
17 20 21 
18 21 22 
19 22 23 
20 23 24 
21 24 25 
22 25 26 
23 26 27 
24 27 28 
25 28 29 
26 29 30 
27 30 2 
1 2 1 24
28 2 31 
29 31 32 
30 32 33 
31 33 34 
32 34 35 
33 35 36 
34 36 37 
35 37 38 
36 38 39 
37 39 40 
38 40 41 
39 41 42 
40 42 43 
41 43 44 
42 44 45 
43 45 46 
44 46 47 
45 47 48 
46 48 49 
47 49 50 
48 50 51 
49 51 52 
50 52 53 
51 53 3 
1 3 1 24
52 3 54 
53 54 55 
54 55 56 
55 56 57 
56 57 58 
57 58 59 
58 59 60 
59 60 61 
60 61 62 
61 62 63 
62 63 64 
63 64 65 
64 65 66 
65 66 67 
66 67 68 
67 68 69 
68 69 70 
69 70 71 
70 71 72 
71 72 73 
72 73 74 
73 74 75 
74 75 76 
75 76 4 
1 4 1 24
76 4 77 
77 77 78 
78 78 79 
79 79 80 
80 80 81 
81 81 82 
82 82 83 
83 83 84 
84 84 85 
85 85 86 
86 86 87 
87 87 88 
88 88 89 
89 89 90 
90 90 91 
91 91 92 
92 92 93 
93 93 94 
94 94 95 
95 95 96 
96 96 97 
97 97 98 
98 98 99 
99 99 1 
2 1 3 280
100 119 170 173 172 
101 170 117 171 173 
102 173 171 55 56 
103 172 173 56 57 
104 115 174 178 177 
105 174 6 175 178 
106 178 175 118 176 
107 177 178 176 114 
108 124 179 183 182 
109 179 126 180 183 
110 183 180 127 181 
111 182 183 181 125 
112 123 184 187 186 
113 184 122 185 187 
114 187 185 61 62 
115 186 187 62 63 
116 118 188 190 176 
117 188 36 37 190 
118 190 37 38 189 
119 176 190 189 114 
120 128 191 193 156 
121 191 121 192 193 
122 193 192 86 87 
123 156 193 87 88 
124 129 194 198 197 
125 194 126 195 198 
126 198 195 123 196 
127 197 198 196 130 
128 134 199 203 202 
129 199 133 200 203 
130 203 200 118 201 
131 202 203 201 132 
132 94 204 206 93 
133 204 135 205 206 
134 206 205 128 157 
135 93 206 157 92 
136 135 207 209 205 
137 207 5 112 209 
138 209 112 111 208 
139 205 209 208 128 
140 114 210 213 177 
141 210 113 211 213 
142 213 211 146 212 
143 177 213 212 115 
144 126 214 216 180 
145 214 108 107 216 
146 216 107 106 215 
147 180 216 215 127 
148 131 217 219 218 
149 217 104 103 219 
150 219 103 6 174 
151 218 219 174 115 
152 131 218 222 221 
153 218 115 212 222 
154 222 212 146 220 
155 221 222 220 139 
156 141 223 227 226 
157 223 143 224 227 
158 227 224 136 225 
159 226 227 225 142 
160 146 228 231 220 
161 228 147 229 231 
162 231 229 143 230 
163 220 231 230 139 
164 129 232 233 194 
165 232 7 109 233 
166 233 109 108 214 
167 194 233 214 126 
168 124 182 236 235 
169 182 125 234 236 
170 236 234 141 226 
171 235 236 226 142 
172 78 237 239 77 
173 237 140 238 239 
174 239 238 75 76 
175 77 239 76 4 
176 113 210 241 240 
177 210 114 189 241 
178 241 189 38 39 
179 240 241 39 40 
180 145 242 245 244 
181 242 144 243 245 
182 245 243 101 100 
183 244 245 100 5 
184 122 246 249 248 
185 246 124 235 249 
186 249 235 142 247 
187 248 249 247 149 
188 149 247 252 251 
189 247 142 225 252 
190 252 225 136 250 
191 251 252 250 119 
192 75 238 254 74 
193 238 140 253 254 
194 254 253 7 160 
195 74 254 160 73 
196 132 255 257 202 
197 255 27 28 257 
198 257 28 29 256 
199 202 257 256 134 
200 121 258 261 260 
201 258 7 253 261 
202 261 253 140 259 
203 260 261 259 120 
204 147 262 264 229 
205 262 138 263 264 
206 264 263 136 224 
207 229 264 224 143 
208 67 68 266 265 
209 68 69 159 266 
210 266 159 7 232 
211 265 266 232 129 
212 21 166 268 154 
213 166 148 267 268 
214 268 267 6 102 
215 154 268 102 101 
216 145 244 271 270 
217 244 5 207 271 
218 271 207 135 269 
219 270 271 269 150 
220 148 272 273 267 
221 272 132 201 273 
222 273 201 118 175 
223 267 273 175 6 
224 40 41 275 240 
225 41 42 274 275 
226 275 274 146 211 
227 240 275 211 113 
228 137 276 278 277 
229 276 117 170 278 
230 278 170 119 250 
231 277 278 250 136 
232 57 58 280 172 
233 58 59 279 280 
234 280 279 149 251 
235 172 280 251 119 
236 122 248 281 185 
237 248 149 279 281 
238 281 279 59 60 
239 185 281 60 61 
240 52 282 285 51 
241 282 116 283 285 
242 285 283 137 284 
243 51 285 284 50 
244 147 228 287 286 
245 228 146 274 287 
246 287 274 42 43 
247 286 287 43 44 
248 44 45 288 286 
249 45 46 162 288 
250 288 162 138 262 
251 286 288 262 147 
252 55 171 290 289 
253 171 117 276 290 
254 290 276 137 283 
255 289 290 283 116 
256 136 263 291 277 
257 263 138 163 291 
258 291 163 50 284 
259 277 291 284 137 
260 52 53 292 282 
261 53 3 54 292 
262 292 54 55 289 
263 282 292 289 116 
264 63 64 294 186 
265 64 65 293 294 
266 294 293 130 196 
267 186 294 196 123 
268 15 295 297 14 
269 295 144 242 297 
270 297 242 145 296 
271 14 297 296 13 
272 104 217 299 105 
273 217 131 298 299 
274 299 298 127 215 
275 105 299 215 106 
276 150 269 301 300 
277 269 135 204 301 
278 301 204 94 95 
279 300 301 95 96 
280 7 258 302 110 
281 258 121 191 302 
282 302 191 128 208 
283 110 302 208 111 
284 150 303 304 270 
285 303 11 12 304 
286 304 12 13 296 
287 270 304 296 145 
288 122 184 305 246 
289 184 123 195 305 
290 305 195 126 179 
291 246 305 179 124 
292 129 197 306 265 
293 197 130 293 306 
294 306 293 65 66 
295 265 306 66 67 
296 36 188 308 35 
297 188 118 200 308 
298 308 200 133 307 
299 35 308 307 34 
300 27 255 309 26 
301 255 132 272 309 
302 309 272 148 165 
303 26 309 165 25 
304 78 79 310 237 
305 79 80 168 310 
306 310 168 120 259 
307 237 310 259 140 
308 120 169 311 260 
309 169 84 85 311 
310 311 85 86 192 
311 260 311 192 121 
312 134 312 313 199 
313 312 32 33 313 
314 313 33 34 307 
315 199 313 307 133 
316 101 243 314 153 
317 243 144 295 314 
318 314 295 15 16 
319 153 314 16 17 
320 29 30 315 256 
321 30 2 31 315 
322 315 31 32 312 
323 256 315 312 134 
324 143 223 317 230 
325 223 141 316 317 
326 317 316 131 221 
327 230 317 221 139 
328 125 181 318 234 
329 181 127 298 318 
330 318 298 131 316 
331 234 318 316 141 
332 96 97 321 300 
333 97 98 319 321 
334 321 319 151 320 
335 300 321 320 150 
336 11 303 323 10 
337 303 150 320 323 
338 323 320 151 322 
339 10 323 322 9 
340 9 322 324 8 
341 322 151 319 324 
342 324 319 98 99 
343 8 324 99 1 
344 19 152 325 18 
345 152 101 153 325 
346 18 325 153 17 
347 101 152 326 154 
348 152 19 20 326 
349 154 326 20 21 
350 90 155 327 89 
351 155 128 156 327 
352 89 327 156 88 
353 128 155 328 157 
354 155 90 91 328 
355 157 328 91 92 
356 71 158 329 70 
357 158 7 159 329 
358 70 329 159 69 
359 7 158 330 160 
360 158 71 72 330 
361 160 330 72 73 
362 48 161 331 47 
363 161 138 162 331 
364 47 331 162 46 
365 138 161 332 163 
366 161 48 49 332 
367 163 332 49 50 
368 148 164 333 165 
369 164 23 24 333 
370 165 333 24 25 
371 23 164 334 22 
372 164 148 166 334 
373 22 334 166 21 
374 82 167 335 81 
375 167 120 168 335 
376 81 335 168 80 
377 120 167 336 169 
378 167 82 83 336 
379 169 336 83 84 
2 2 3 18
380 337 340 342 341 
381 340 108 109 342 
382 342 109 7 110 
383 341 342 110 111 
384 108 340 344 107 
385 340 337 343 344 
386 344 343 101 339 
387 107 344 339 106 
388 101 343 345 100 
389 343 337 341 345 
390 345 341 111 112 
391 100 345 112 5 
392 101 338 346 339 
393 338 104 105 346 
394 339 346 105 106 
395 104 338 347 103 
396 338 101 102 347 
397 103 347 102 6 
$EndElements
